Title: Mizzou Weather Network
RefreshSeconds: 300
Color: 255 255 0
Font: 1, 11, 1, "Arial"

Object: 37.94568687293312,-90.01852919838186
  Threshold: 999
  Text: 0,0,1,"Ste. Genevieve Wx"
  Text: 0,0,1,"Temp: 63 °F"
  Text: 0,15,1,"Wind: 8 mph N"
  Text: 0,30,1,"Rain: 0.02 in"
End:

; Last updated: 2025-10-22 01:00:00
